1212
4702
4976
3279
3581
1471
1848
4926
1845
231
2165
3591
4066
267
3939
3152
3680
221
2952
2966
4513
4646
4112
2726
2657
245
4835
2173
533
4447
3423
398
3154
3909
1057
1582
1625
720
2995
35
1563
3446
4822
3487
3045
2452
3900
4279
4382
1838
3121
3755
2501
1504
2734
608
2919
4403
2816
2658
1996
1211
2826
3552
3389
2749
540
4428
4252
614
3370
1402
192
2942
2464
630
3756
2954
2241
4512
1213
1897
3677
3341
1246
238
2791
3832
636
2362
3511
3071
4510
4628
3602
4961
167
193
1229
4560
4786
418
2603
3627
783
3807
2032
3749
1892
3008
139
2
2233
658
3402
1747
3579
499
4336
2524
4047
2204
1551
4614
3382
4640
1715
1505
4714
4394
4967
40
2460
4444
3352
2245
1047
2577
680
2344
2863
3115
2118
4489
3074
185
72
2260
4123
1723
3903
3570
3678
4452
605
3201
3898
1473
1540
4148
1135
4730
1588
4701
1463
3097
106
4209
3111
4881
3039
1226
909
3964
3792
4474
2684
584
3734
227
4041
310
841
1055
856
790
2566
2589
1985
3080
4371
4549
1051
3076
2115
2364
4461
3123
2920
2670
1239
198
1600
1712
208
509
2332
400
1640
4514
1763
2950
1795
4588
283
2636
552
4948
1035
565
4908
4631
1722
1660
3091
2095
4878
4463
3059
1448
1758
1899
1265
3557
2368
4693
4405
2275
3173
3647
3527
1775
2608
3099
3512
869
1476
4933
153
1975
3325
1639
2036
3980
2375
3213
2754
4751
3190
3814
2637
4096
935
3789
4636
4744
2623
33
627
3994
4899
4599
338
1663
4802
941
4710
3688
131
1347
2618
344
4281
1631
1235
1830
3671
4263
682
4188
1716
1016
1704
2250
3963
3042
698
4803
1943
1385
2720
2927
3417
3299
1054
2463
4526
1738
4192
545
583
2979
3223
2046
1499
1541
2871
439
2311
4880
1761
74
304
978
551
1386
4455
3458
4450
101
691
2097
1191
2485
2865
1871
4831
2142
1889
1328
3845
3770
3218
380
4607
2665
1697
886
4210
3917
3269
1566
4745
1951
1576
419
1409
1414
998
4299
435
2498
3340
3451
496
3326
4671
2712
3110
1594
4615
4718
4869
2321
4415
3885
3026
2185
2427
1068
2239
1367
809
2010
1092
958
3927
1030
2615
3631
389
2422
905
4164
1870
855
4764
3337
3687
1879
950
1900
1474
3696
3005
4504
3047
1163
1267
3133
4749
689
1098
1658
4451
517
3925
4026
3853
195
83
4529
3705
1142
184
147
1251
3966
2990
3426
3859
3851
1622
1366
2416
4519
165
3850
646
2784
365
2739
4019
771
14
3567
3147
4677
1322
2860
2591
26
952
2286
351
3063
2031
4167
4783
4340
1465
1330
2353
1470
3863
3061
3701
3431
4914
4923
768
3712
1263
572
510
622
2297
3981
4931
4509
2494
1147
4205
4983
4919
2669
168
3975
3215
3653
2736
4478
1458
526
3062
2141
1043
3751
3437
2428
791
2028
96
3660
217
822
1108
3777
4873
4443
1238
357
1134
4785
1597
2319
1821
1301
2490
1359
1331
280
3177
1058
4624
3654
4508
1318
715
2363
4459
2283
2991
3959
2387
1215
2812
3820
2878
3052
620
667
1436
1748
1948
2655
3776
2839
4473
4963
2916
173
801
3492
2817
4893
3953
3107
1340
3023
4630
4761
2822
3037
2840
1874
4974
2834
487
4402
472
4375
1440
4563
2151
3623
4335
3798
3103
1592
2770
2793
1928
3057
360
2443
4203
1994
3519
3761
1888
2156
244
685
550
477
1769
2262
3000
3905
3377
2324
3202
3695
1411
2520
511
2986
79
3935
2792
4333
2027
2934
4763
1998
2029
4241
2796
288
1894
262
3383
4401
3011
2700
1326
1342
1416
798
2378
1034
3610
677
3412
1694
765
3744
4110
4207
1073
4987
3396
794
1796
3630
2688
3651
3280
1613
3030
3730
4754
4224
3995
567
2997
2767
134
2947
1469
2293
3136
3127
2953
1159
4498
735
1388
3388
2948
350
4355
542
2521
1978
2004
1221
1603
3868
3601
1958
176
2711
1910
2374
4016
796
1780
4154
3054
3214
4915
1765
4735
1626
2094
3558
1370
4348
2342
4334
4159
4725
4570
1383
358
3609
1692
4332
2794
908
421
2047
4067
1790
4681
2339
990
3381
2248
2933
2417
2970
264
4462
4416
3503
1391
2723
3307
4023
443
1619
4242
1514
4374
1126
2599
3752
4480
4548
3410
2440
2846
388
1672
3560
2193
1512
3312
2994
1353
2218
3197
4597
4276
337
4377
3886
1864
2541
537
1371
538
992
1500
2414
3729
4553
937
2379
2626
4642
3009
3222
3234
1219
3033
2703
4181
469
102
1483
1455
4470
1961
2487
4829
2216
3301
947
3594
4185
243
926
1428
1727
1447
2087
1778
3378
3495
748
2476
2518
1329
3973
204
4594
3183
1387
1389
4855
1987
2447
2528
148
4237
674
3855
2412
2868
2586
3289
2235
1843
19
486
3130
4302
4084
2007
1860
3276
1158
1380
2079
272
701
3159
3699
3986
4953
144
4485
1916
353
3090
4297
739
834
1225
318
2609
256
458
821
776
575
3858
4244
4768
1262
3017
3362
2852
4277
1277
4028
850
3663
4984
2976
1007
3488
2256
306
246
3983
2317
4726
1545
2925
3007
3193
4577
2015
4511
4411
4827
3462
2664
2777
3889
2717
2788
1702
346
2771
2209
2162
4556
2843
207
2949
2124
2893
31
1207
3250
3273
2140
4422
3956
3648
3675
1718
3219
4435
1115
4654
4971
1144
2483
2957
2435
3348
1339
2267
2513
3955
194
3613
1223
860
2540
2129
652
4941
3978
4257
2196
303
1369
109
4379
1382
3604
4082
938
2399
471
2661
1446
474
1164
736
1172
1378
3334
1197
286
2431
1546
5
43
1400
2013
3684
3282
454
4430
2689
4153
1759
2240
2176
4105
1953
4692
1539
3700
404
3497
1182
872
2315
3910
2019
976
590
1433
4847
3617
3611
678
3589
4132
1669